 3.89  4.91  4.59 5.33  1.76 5.25  2.84  0.77 3.05  1.00 6.24 5.61  3.27 3.38  3.20 3.60  2.30  1.59 3.23 3.80
 4.91  3.74  4.20 4.69  2.89 4.37  2.57 -0.41 2.83  1.42 2.92 3.95  2.90 3.21  3.22 3.22  1.93  1.36 4.45 4.18
 4.59  4.20  4.03 4.86  2.93 5.32  2.77 -0.37 2.07  1.41 5.77 4.19  2.50 4.88  3.12 3.46  1.40  2.31 3.15 4.99
 5.33  4.69  4.86 5.34  3.68 5.28  3.00  0.14 3.34  1.75 5.83 5.83  4.25 3.47  2.87 4.25  0.99  3.11 3.57 4.49
 1.76  2.89  2.93 3.68  7.65 1.84  1.46 -0.25 1.03  2.48 2.14 2.47  2.74 4.12  2.51 1.33  0.24 -0.42 2.05 2.81
 5.25  4.37  5.32 5.28  1.84 6.02  2.30  0.91 2.09  1.61 4.89 4.81  3.38 4.65  3.88 4.18  0.36  2.30 3.93 3.62
 2.84  2.57  2.77 3.00  1.46 2.30 -0.52 -1.77 1.21  0.39 3.37 2.47  1.22 2.59  1.71 1.72  1.13  1.69 2.13 1.90
 0.77 -0.41 -0.37 0.14 -0.25 0.91 -1.77 -4.40 0.21 -1.53 1.42 1.25 -0.51 1.08 -0.89 0.70 -0.08 -0.54 1.33 1.59
 3.05  2.83  2.07 3.34  1.03 2.09  1.21  0.21 1.27  1.91 5.12 3.14  2.65 2.71  2.88 1.82  3.88  2.52 3.67 3.77
 1.00  1.42  1.41 1.75  2.48 1.61  0.39 -1.53 1.91 -0.09 2.87 2.30  1.33 0.80  2.60 2.00  2.94  1.77 2.74 2.82
 6.24  2.92  5.77 5.83  2.14 4.89  3.37  1.42 5.12  2.87 5.85 6.19  7.87 6.46  1.20 1.37  2.62  3.54 5.76 8.57
 5.61  3.95  4.19 5.83  2.47 4.81  2.47  1.25 3.14  2.30 6.19 5.93  4.22 6.05  4.54 2.05  1.76  3.66 5.26 5.28
 3.27  2.90  2.50 4.25  2.74 3.38  1.22 -0.51 2.65  1.33 7.87 4.22  0.60 2.89  3.17 3.50  1.46  3.09 3.75 3.99
 3.38  3.21  4.88 3.47  4.12 4.65  2.59  1.08 2.71  0.80 6.46 6.05  2.89 5.37  2.30 4.00  5.20  2.38 2.72 4.90
 3.20  3.22  3.12 2.87  2.51 3.88  1.71 -0.89 2.88  2.60 1.20 4.54  3.17 2.30  1.65 1.95  0.08  2.68 5.32 5.75
 3.60  3.22  3.46 4.25  1.33 4.18  1.72  0.70 1.82  2.00 1.37 2.05  3.50 4.00  1.95 2.83  3.26  3.45 3.50 4.50
 2.30  1.93  1.40 0.99  0.24 0.36  1.13 -0.08 3.88  2.94 2.62 1.76  1.46 5.20  0.08 3.26  0.13  3.85 3.90 4.94
 1.59  1.36  2.31 3.11 -0.42 2.30  1.69 -0.54 2.52  1.77 3.54 3.66  3.09 2.38  2.68 3.45  3.85  2.92 3.17 3.85
 3.23  4.45  3.15 3.57  2.05 3.93  2.13  1.33 3.67  2.74 5.76 5.26  3.75 2.72  5.32 3.50  3.90  3.17 3.24 2.29
 3.80  4.18  4.99 4.49  2.81 3.62  1.90  1.59 3.77  2.82 8.57 5.28  3.99 4.90  5.75 4.50  4.94  3.85 2.29 2.87