2.20 2.04 2.21 2.44 1.89 2.25 1.71 1.55 1.92 1.76 2.68 2.48 1.95 2.21 2.04 2.13 1.89 1.97 2.24 2.42
2.04 1.88 2.04 2.28 1.73 2.09 1.55 1.39 1.76 1.60 2.52 2.31 1.79 2.05 1.88 1.97 1.73 1.81 2.08 2.25
2.21 2.04 2.21 2.44 1.90 2.26 1.72 1.56 1.93 1.77 2.69 2.48 1.96 2.22 2.05 2.14 1.90 1.98 2.25 2.42
2.44 2.28 2.44 2.68 2.13 2.49 1.95 1.79 2.16 2.00 2.92 2.72 2.19 2.45 2.28 2.37 2.13 2.21 2.48 2.65
1.89 1.73 1.90 2.13 1.58 1.94 1.40 1.24 1.62 1.46 2.37 2.17 1.64 1.90 1.73 1.82 1.58 1.66 1.93 2.11
2.25 2.09 2.26 2.49 1.94 2.30 1.76 1.60 1.97 1.82 2.73 2.53 2.00 2.26 2.09 2.18 1.94 2.02 2.29 2.47
1.71 1.55 1.72 1.95 1.40 1.76 1.23 1.07 1.44 1.28 2.20 1.99 1.47 1.72 1.55 1.65 1.41 1.49 1.76 1.93
1.55 1.39 1.56 1.79 1.24 1.60 1.07 0.91 1.28 1.12 2.04 1.83 1.31 1.56 1.39 1.49 1.25 1.33 1.60 1.77
1.92 1.76 1.93 2.16 1.62 1.97 1.44 1.28 1.65 1.49 2.41 2.20 1.68 1.94 1.76 1.86 1.62 1.70 1.97 2.14
1.76 1.60 1.77 2.00 1.46 1.82 1.28 1.12 1.49 1.33 2.25 2.04 1.52 1.78 1.61 1.70 1.46 1.54 1.81 1.98
2.68 2.52 2.69 2.92 2.37 2.73 2.20 2.04 2.41 2.25 3.17 2.96 2.44 2.69 2.52 2.62 2.37 2.46 2.73 2.90
2.48 2.31 2.48 2.72 2.17 2.53 1.99 1.83 2.20 2.04 2.96 2.75 2.23 2.49 2.32 2.41 2.17 2.25 2.52 2.69
1.95 1.79 1.96 2.19 1.64 2.00 1.47 1.31 1.68 1.52 2.44 2.23 1.70 1.96 1.79 1.88 1.64 1.72 2.00 2.17
2.21 2.05 2.22 2.45 1.90 2.26 1.72 1.56 1.94 1.78 2.69 2.49 1.96 2.22 2.05 2.14 1.90 1.98 2.25 2.43
2.04 1.88 2.05 2.28 1.73 2.09 1.55 1.39 1.76 1.61 2.52 2.32 1.79 2.05 1.88 1.97 1.73 1.81 2.08 2.26
2.13 1.97 2.14 2.37 1.82 2.18 1.65 1.49 1.86 1.70 2.62 2.41 1.88 2.14 1.97 2.06 1.82 1.91 2.18 2.35
1.89 1.73 1.90 2.13 1.58 1.94 1.41 1.25 1.62 1.46 2.37 2.17 1.64 1.90 1.73 1.82 1.58 1.66 1.94 2.11
1.97 1.81 1.98 2.21 1.66 2.02 1.49 1.33 1.70 1.54 2.46 2.25 1.72 1.98 1.81 1.91 1.66 1.75 2.02 2.19
2.24 2.08 2.25 2.48 1.93 2.29 1.76 1.60 1.97 1.81 2.73 2.52 2.00 2.25 2.08 2.18 1.94 2.02 2.29 2.46
2.42 2.25 2.42 2.65 2.11 2.47 1.93 1.77 2.14 1.98 2.90 2.69 2.17 2.43 2.26 2.35 2.11 2.19 2.46 2.63
